# NRows Mean     Lower    Upper   
     10 471.60   450.61   492.59  
     20 0.00     0.00     0.00    
     30 0.00     0.00     0.00    
     40 8.60     8.13     9.07    
     50 7.20     6.09     8.31    
     60 6.20     5.27     7.13    
     70 34.80    -12.61   82.21   
     80 9293.20  6129.98  12456.42
     90 15341.00 11929.30 18752.70
    100 17031.80 15164.45 18899.15
    110 17340.60 15577.75 19103.45
    120 16860.20 14968.24 18752.16
    130 12376.60 11660.04 13093.16
    140 8123.80  7516.09  8731.51 
    150 6022.00  5532.79  6511.21 
    160 5037.00  4585.78  5488.22 
    170 4774.20  4088.98  5459.42 
    180 4139.60  3794.80  4484.40 
    190 4030.40  3719.55  4341.25 
    200 3658.60  3331.70  3985.50 
    210 3378.20  3060.43  3695.97 
    220 2586.20  2119.29  3053.11 
    230 1691.60  1585.04  1798.16 
    240 1420.60  1265.97  1575.23 
    250 1301.40  1203.50  1399.30 
    260 1112.20  1017.27  1207.13 
    270 883.80   724.77   1042.83 
    280 935.60   872.23   998.97  
    290 915.00   777.39   1052.61 
    300 802.20   754.38   850.02  
    310 676.60   608.28   744.92  
    320 652.40   577.87   726.93  
    330 568.40   545.55   591.25  
    340 528.80   411.32   646.28  
    350 630.40   484.54   776.26  
    360 602.80   457.42   748.18  
    370 673.20   567.31   779.09  
    380 599.00   498.93   699.07  
    390 236.60   149.34   323.86  
    400 110.20   80.69    139.71  
    410 134.20   119.77   148.63  
    420 116.80   72.57    161.03  
    430 121.40   77.06    165.74  
    440 80.00    60.81    99.19   
    450 85.60    65.67    105.53  
    460 77.80    62.21    93.39   
    470 83.80    45.40    122.20  
    480 66.60    44.71    88.49   
    490 68.60    38.19    99.01   
    500 64.20    43.24    85.16   
    510 90.80    31.06    150.54  
    520 61.60    50.07    73.13   
    530 64.40    37.87    90.93   
    540 84.00    30.11    137.89  
    550 88.00    35.57    140.43  
    560 68.40    36.97    99.83   
    570 58.40    11.77    105.03  
    580 47.20    18.95    75.45   
    590 58.60    22.52    94.68   
    600 41.80    32.33    51.27   
    610 43.40    20.60    66.20   
    620 46.20    20.81    71.59   
    630 43.60    18.27    68.93   
    640 34.40    10.69    58.11   
    650 47.80    27.44    68.16   
    660 55.60    25.51    85.69   
    670 52.60    27.69    77.51   
    680 72.60    29.68    115.52  
    690 51.60    27.35    75.85   
    700 53.60    15.95    91.25   
    710 47.80    11.13    84.47   
    720 1322.60  -1104.04 3749.24 
    730 67.60    22.23    112.97  
    740 56.20    15.19    97.21   
    750 64.60    10.62    118.58  
    760 40.80    18.41    63.19   
    770 33.20    12.09    54.31   
    780 42.80    4.03     81.57   
    790 50.80    4.37     97.23   
    800 44.00    2.06     85.94   
    810 56.20    6.65     105.75  
    820 37.20    12.33    62.07   
    830 44.80    4.49     85.11   
    840 35.40    2.15     68.65   
    850 31.00    8.45     53.55   
    860 42.60    16.37    68.83   
    870 29.60    9.08     50.12   
    880 102.60   -38.03   243.23  
    890 31.20    8.77     53.63   
    900 36.80    6.55     67.05   
    910 23.80    1.83     45.77   
    920 26.80    10.67    42.93   
    930 22.80    3.10     42.50   
    940 17.20    2.12     32.28   
    950 16.40    4.33     28.47   
    960 14.40    2.57     26.23   
    970 6.80     0.16     13.44   
    980 14.20    2.78     25.62   
    990 12.40    1.69     23.11   
   1000 23.20    5.79     40.61   
   1010 19.00    0.50     37.50   
   1020 10.40    3.62     17.18   
   1030 18.60    8.83     28.37   
   1040 9.60     1.47     17.73   
   1050 8.40     1.30     15.50   
   1060 13.80    8.96     18.64   
   1070 16.00    0.72     31.28   
   1080 16.00    6.15     25.85   
   1090 22.80    -0.20    45.80   
   1100 19.60    2.20     37.00   
   1110 20.80    -3.27    44.87   
   1120 23.40    0.82     45.98   
   1130 29.80    7.46     52.14   
   1140 21.00    -8.92    50.92   
   1150 14.80    4.11     25.49   
   1160 9.00     4.53     13.47   
   1170 14.80    1.11     28.49   
   1180 15.40    -4.08    34.88   
   1190 24.80    -1.75    51.35   
   1200 15.60    3.58     27.62   
   1210 11.20    2.23     20.17   
   1220 9.80     1.79     17.81   
   1230 10.60    -6.37    27.57   
   1240 11.60    -1.07    24.27   
   1250 13.20    -1.61    28.01   
   1260 9.20     -4.19    22.59   
   1270 10.00    -0.65    20.65   
   1280 17.00    -9.30    43.30   
   1290 11.20    0.84     21.56   
   1300 5.20     1.99     8.41    
   1310 9.80     -1.19    20.79   
   1320 44.60    -24.68   113.88  
   1330 7.20     -0.48    14.88   
   1340 5.40     -1.72    12.52   
   1350 5.80     1.74     9.86    
   1360 9.20     1.03     17.37   
   1370 8.00     -0.72    16.72   
   1380 6.60     1.61     11.59   
   1390 10.20    1.75     18.65   
   1400 45.40    -30.34   121.14  
   1410 10.60    0.37     20.83   
   1420 15.40    5.28     25.52   
   1430 8.00     2.12     13.88   
   1440 6.00     2.99     9.01    
   1450 17.60    6.91     28.29   
   1460 7.00     -3.58    17.58   
   1470 10.40    2.66     18.14   
   1480 9.40     3.92     14.88   
   1490 9.40     2.75     16.05   
   1500 14.60    5.73     23.47   
   1510 6.40     0.72     12.08   
   1520 16.80    -0.28    33.88   
   1530 7.20     0.31     14.09   
   1540 10.20    1.27     19.13   
   1550 7.00     -3.57    17.57   
   1560 5.40     0.44     10.36   
   1570 9.80     3.27     16.33   
   1580 5.20     -1.97    12.37   
   1590 6.80     2.65     10.95   
   1600 4.00     0.87     7.13    
   1610 6.00     -2.63    14.63   
   1620 5.80     -0.06    11.66   
   1630 6.60     1.75     11.45   
   1640 3.80     -0.65    8.25    
   1650 5.20     0.79     9.61    
   1660 1.60     -0.36    3.56    
   1670 5.00     1.99     8.01    
   1680 5.60     -5.08    16.28   
   1690 2.00     -0.17    4.17    
   1700 2.20     -0.39    4.79    
   1710 1.40     -0.03    2.83    
   1720 0.40     -0.07    0.87    
   1730 3.20     -0.18    6.58    
   1740 3.60     -1.57    8.77    
   1750 6.00     -0.27    12.27   
   1760 1.80     -1.18    4.78    
   1770 0.40     -0.07    0.87    
   1780 2.20     -1.54    5.94    
   1790 2.80     0.51     5.09    
   1800 0.20     -0.18    0.58    
   1810 15.80    -7.91    39.51   
   1820 3.00     -1.43    7.43    
   1830 6.00     -3.65    15.65   
   1840 4.40     -1.71    10.51   
   1850 6.60     -3.23    16.43   
   1860 5.80     -1.03    12.63   
   1870 5.00     -0.08    10.08   
   1880 5.60     -3.71    14.91   
   1890 9.80     2.84     16.76   
   1900 10.40    2.03     18.77   
   1910 5.40     1.96     8.84    
   1920 23.40    -18.38   65.18   
   1930 3.40     0.53     6.27    
   1940 4.80     -0.50    10.10   
   1950 6.20     2.42     9.98    
   1960 4.20     0.61     7.79    
   1970 5.40     -0.46    11.26   
   1980 4.20     0.46     7.94    
   1990 2.20     -1.54    5.94    
   2000 5.80     4.27     7.33    
   2010 2.80     -0.94    6.54    
   2020 1.80     -1.63    5.23    
   2030 1.80     0.27     3.33    
   2040 3.60     -0.60    7.80    
   2050 2.20     0.08     4.32    
   2060 3.00     -0.52    6.52    
   2070 12.40    -6.83    31.63   
   2080 1.20     -1.09    3.49    
   2090 1.00     -0.48    2.48    
   2100 11.20    -8.31    30.71   
   2110 0.40     -0.36    1.16    
   2120 0.20     -0.18    0.58    
   2130 4.20     -3.81    12.21   
   2140 0.20     -0.18    0.58    
   2150 36.60    -33.19   106.39  
   2160 1.40     -0.82    3.62    
   2170 0.00     0.00     0.00    
   2180 3.00     -0.13    6.13    
   2190 0.00     0.00     0.00    
   2200 1.60     -1.00    4.20    
   2210 2.80     -0.94    6.54    
   2220 0.20     -0.18    0.58    
   2230 0.00     0.00     0.00    
   2240 2.60     -2.36    7.56    
   2250 0.60     -0.54    1.74    
   2260 0.60     -0.54    1.74    
   2270 0.60     -0.54    1.74    
   2280 0.80     -0.73    2.33    
   2290 2.20     -1.99    6.39    
   2300 4.20     -2.47    10.87   
   2310 2.20     -0.52    4.92    
   2320 2.60     -0.62    5.82    
   2330 3.80     -2.98    10.58   
   2340 1.40     -1.27    4.07    
   2350 2.40     -0.47    5.27    
   2360 2.00     -1.81    5.81    
   2370 0.80     -0.31    1.91    
   2380 2.60     -0.57    5.77    
   2390 5.40     0.82     9.98    
WARNING! More run are needed to calculate a 0.950000 confidence interval of with 5 accuracy.
A total of 5 runs were executed but the ideal size is 398398771628556114984960.000000.
