# NRows Mean     Lower    Upper   
     10 21551.80 -18872.74 61976.34
     20 1079.80  -918.38  3077.98 
     30 38851.00 5005.02  72696.98
     40 239901.80 206448.53 273355.07
     50 388874.80 377726.27 400023.33
     60 332071.80 293877.86 370265.74
     70 266956.40 231390.81 302521.99
     80 242437.40 220929.60 263945.20
     90 175680.00 135119.89 216240.11
    100 60259.20 14668.40 105850.00
    110 4111.60  4059.40  4163.80 
    120 11237.00 2998.32  19475.68
    130 68822.60 37472.84 100172.36
    140 36099.20 -1581.68 73780.08
    150 5143.60  3441.72  6845.48 
    160 13712.20 5272.09  22152.31
    170 18256.60 6954.30  29558.90
    180 13735.40 2941.66  24529.14
    190 18103.80 7421.25  28786.35
    200 4423.60  4152.05  4695.15 
    210 6646.20  3772.02  9520.38 
    220 8144.60  4942.11  11347.09
    230 4944.00  3807.10  6080.90 
    240 5946.00  4921.10  6970.90 
    250 3542.20  2734.36  4350.04 
    260 3195.00  2627.61  3762.39 
    270 3718.80  3024.82  4412.78 
    280 4471.80  4110.74  4832.86 
    290 4345.40  4179.54  4511.26 
    300 4086.40  4044.06  4128.74 
    310 4119.80  3872.53  4367.07 
    320 3841.40  3533.88  4148.92 
    330 3888.20  3561.42  4214.98 
    340 4206.00  4090.28  4321.72 
    350 4159.40  4037.46  4281.34 
    360 4096.40  4049.08  4143.72 
    370 4201.80  4062.52  4341.08 
    380 4124.00  4056.24  4191.76 
    390 4159.40  3867.03  4451.77 
    400 4153.00  4081.90  4224.10 
    410 4138.80  4102.26  4175.34 
    420 4109.80  4105.97  4113.63 
    430 4055.40  4011.49  4099.31 
    440 4193.20  4069.39  4317.01 
    450 2704.00  1288.22  4119.78 
    460 641.60   419.31   863.89  
    470 673.80   493.65   853.95  
    480 825.60   724.21   926.99  
    490 985.20   939.45   1030.95 
    500 850.60   790.00   911.20  
    510 865.00   787.57   942.43  
    520 852.40   815.53   889.27  
    530 934.80   837.93   1031.67 
    540 793.00   742.32   843.68  
    550 753.80   707.19   800.41  
    560 783.60   717.07   850.13  
    570 828.00   706.52   949.48  
    580 1093.20  930.94   1255.46 
    590 1102.60  1030.59  1174.61 
    600 1096.60  1015.68  1177.52 
    610 1016.20  891.11   1141.29 
    620 1066.20  938.61   1193.79 
    630 919.00   789.00   1049.00 
    640 873.00   820.39   925.61  
    650 829.60   775.71   883.49  
    660 793.40   729.05   857.75  
    670 767.20   660.97   873.43  
    680 760.60   695.03   826.17  
    690 794.20   733.42   854.98  
    700 867.00   578.98   1155.02 
    710 775.00   416.12   1133.88 
    720 1232.60  921.90   1543.30 
    730 1500.00  1392.40  1607.60 
    740 1427.40  1303.06  1551.74 
    750 1517.00  1263.14  1770.86 
    760 1614.60  1475.42  1753.78 
    770 1552.80  1430.47  1675.13 
    780 1590.80  1360.16  1821.44 
    790 1745.00  1613.56  1876.44 
    800 1564.20  1362.12  1766.28 
    810 1317.40  1040.42  1594.38 
    820 1049.20  964.81   1133.59 
    830 1270.40  1163.45  1377.35 
    840 1202.00  1163.95  1240.05 
    850 1088.20  974.79   1201.61 
    860 960.20   847.90   1072.50 
    870 1052.40  936.24   1168.56 
    880 1086.20  1018.83  1153.57 
    890 1036.00  934.60   1137.40 
    900 858.20   805.51   910.89  
    910 943.00   873.35   1012.65 
    920 938.20   879.33   997.07  
    930 1056.80  949.58   1164.02 
    940 1206.20  1045.12  1367.28 
    950 1178.60  1110.92  1246.28 
    960 1243.80  1116.02  1371.58 
    970 1354.60  1297.84  1411.36 
    980 1234.40  1132.43  1336.37 
    990 1474.40  1325.01  1623.79 
   1000 1467.40  1367.38  1567.42 
   1010 1491.20  1361.92  1620.48 
   1020 1551.40  1442.31  1660.49 
   1030 1425.20  1249.37  1601.03 
   1040 1273.80  1120.81  1426.79 
   1050 1349.20  1163.68  1534.72 
   1060 1264.00  1145.50  1382.50 
   1070 1281.20  1206.97  1355.43 
   1080 1349.00  1237.39  1460.61 
   1090 1217.20  1077.67  1356.73 
   1100 1177.20  1063.89  1290.51 
   1110 1115.80  1080.24  1151.36 
   1120 1066.80  1012.74  1120.86 
   1130 1083.00  961.30   1204.70 
   1140 1159.60  1075.38  1243.82 
   1150 1082.40  934.00   1230.80 
   1160 1066.60  998.00   1135.20 
   1170 1190.80  1083.66  1297.94 
   1180 1153.20  1049.86  1256.54 
   1190 1152.60  1071.94  1233.26 
   1200 1294.60  1115.39  1473.81 
   1210 1165.60  1099.18  1232.02 
   1220 1181.80  1036.71  1326.89 
   1230 1337.60  1239.95  1435.25 
   1240 1206.60  1090.02  1323.18 
   1250 1192.40  1096.97  1287.83 
   1260 1234.80  1111.45  1358.15 
   1270 1227.60  1110.84  1344.36 
   1280 1173.60  1106.42  1240.78 
   1290 1190.40  1092.97  1287.83 
   1300 1312.60  1234.01  1391.19 
   1310 1383.80  1269.92  1497.68 
   1320 1267.00  1130.15  1403.85 
   1330 1270.00  1131.80  1408.20 
   1340 1308.60  1187.83  1429.37 
   1350 1225.40  1095.24  1355.56 
   1360 1339.60  1178.26  1500.94 
   1370 1267.20  1207.24  1327.16 
   1380 1205.20  1123.14  1287.26 
   1390 1490.60  1329.76  1651.44 
   1400 1285.60  1151.30  1419.90 
   1410 1222.80  1134.46  1311.14 
   1420 1154.00  1075.84  1232.16 
   1430 1231.60  1116.74  1346.46 
   1440 1091.20  1008.56  1173.84 
   1450 1229.20  1182.85  1275.55 
   1460 1158.40  1051.34  1265.46 
   1470 1162.80  1081.57  1244.03 
   1480 1087.40  1025.00  1149.80 
   1490 1108.40  984.85   1231.95 
   1500 1127.00  1104.99  1149.01 
   1510 1328.00  1243.95  1412.05 
   1520 1304.80  1221.02  1388.58 
   1530 1170.80  1016.41  1325.19 
   1540 1295.40  940.55   1650.25 
   1550 1334.60  1217.56  1451.64 
   1560 1229.40  1107.55  1351.25 
   1570 1375.40  1236.52  1514.28 
   1580 1265.20  1126.48  1403.92 
   1590 1274.40  1191.11  1357.69 
   1600 1321.40  1236.48  1406.32 
   1610 1328.60  1244.66  1412.54 
   1620 1319.60  1195.28  1443.92 
   1630 1445.40  1333.06  1557.74 
   1640 1256.00  1144.49  1367.51 
   1650 1199.20  1172.69  1225.71 
   1660 1284.40  1218.59  1350.21 
   1670 1200.80  1107.62  1293.98 
   1680 1169.00  1140.25  1197.75 
   1690 1206.60  1136.46  1276.74 
   1700 1139.80  1096.76  1182.84 
   1710 1134.20  989.13   1279.27 
   1720 1177.00  1066.84  1287.16 
   1730 1135.20  1065.13  1205.27 
   1740 1193.40  1083.60  1303.20 
   1750 1142.20  1074.59  1209.81 
   1760 1171.40  1062.15  1280.65 
   1770 1161.20  1093.99  1228.41 
   1780 1186.20  1058.05  1314.35 
   1790 1206.00  1117.10  1294.90 
   1800 1306.40  1177.03  1435.77 
   1810 1271.40  1107.36  1435.44 
   1820 1267.00  1111.16  1422.84 
   1830 1290.00  1195.66  1384.34 
   1840 1300.60  1240.49  1360.71 
   1850 1243.00  1139.32  1346.68 
   1860 1140.80  1059.93  1221.67 
   1870 1268.80  1224.27  1313.33 
   1880 1351.20  1298.76  1403.64 
   1890 1261.40  1212.55  1310.25 
   1900 1168.40  1032.85  1303.95 
   1910 1159.60  991.80   1327.40 
   1920 1169.40  1121.74  1217.06 
   1930 1304.40  1185.96  1422.84 
   1940 1189.00  1114.37  1263.63 
   1950 1381.60  1150.02  1613.18 
   1960 1208.80  1171.92  1245.68 
   1970 1221.00  1031.67  1410.33 
   1980 1160.40  1000.98  1319.82 
   1990 1176.20  1130.45  1221.95 
   2000 1244.20  1129.78  1358.62 
   2010 1326.80  1151.34  1502.26 
   2020 1189.60  1128.08  1251.12 
   2030 1163.20  1058.53  1267.87 
   2040 1165.60  1035.29  1295.91 
   2050 1196.80  1105.30  1288.30 
   2060 1206.20  1087.34  1325.06 
   2070 1329.80  1128.79  1530.81 
   2080 1352.80  1295.30  1410.30 
   2090 1174.20  1012.76  1335.64 
WARNING! More run are needed to calculate a 0.950000 confidence interval of with 5 accuracy.
A total of 5 runs were executed but the ideal size is 164255303041132733136896.000000.
