#[Interval percentile log between 0.000 and <Infinite> seconds (relative to StartTime)]
#[StartTime: 1585054574.191 (seconds since epoch), Tue Mar 24 12:56:14 WET 2020]
Time: IntervalPercentiles:count ( 50% 90% Max ) TotalPercentiles:count ( 50% 90% 99% 99.9% 99.99% Max )
0.534: I:18 ( 26527.000 32479.000 54143.000 ) T:18 ( 26527.000 32479.000 54143.000 54143.000 54143.000 54143.000 )
10.534: I:384 ( 25919.000 26495.000 28047.000 ) T:402 ( 25919.000 26543.000 27343.000 54143.000 54143.000 54143.000 )
20.534: I:394 ( 25359.000 25663.000 26239.000 ) T:796 ( 25567.000 26319.000 27007.000 54143.000 54143.000 54143.000 )
30.534: I:395 ( 25263.000 25519.000 26415.000 ) T:1191 ( 25423.000 26191.000 26847.000 32479.000 54143.000 54143.000 )
40.534: I:398 ( 25135.000 25391.000 26735.000 ) T:1589 ( 25327.000 26047.000 26751.000 32479.000 54143.000 54143.000 )
50.534: I:395 ( 25199.000 25503.000 35839.000 ) T:1984 ( 25295.000 25983.000 26735.000 35839.000 54143.000 54143.000 )
60.534: I:398 ( 25103.000 25407.000 26767.000 ) T:2382 ( 25263.000 25903.000 26719.000 32479.000 54143.000 54143.000 )
70.534: I:399 ( 25071.000 25311.000 27215.000 ) T:2781 ( 25231.000 25791.000 26687.000 32479.000 54143.000 54143.000 )
80.534: I:401 ( 24911.000 25199.000 26079.000 ) T:3182 ( 25183.000 25727.000 26655.000 28047.000 54143.000 54143.000 )
90.534: I:400 ( 24943.000 25215.000 26447.000 ) T:3582 ( 25151.000 25679.000 26607.000 28047.000 54143.000 54143.000 )
100.534: I:399 ( 24975.000 25231.000 31679.000 ) T:3981 ( 25135.000 25631.000 26607.000 31679.000 54143.000 54143.000 )
110.534: I:401 ( 24959.000 25215.000 27135.000 ) T:4382 ( 25103.000 25615.000 26591.000 28047.000 54143.000 54143.000 )
120.534: I:400 ( 24991.000 25199.000 25711.000 ) T:4782 ( 25087.000 25583.000 26559.000 28047.000 54143.000 54143.000 )
130.534: I:400 ( 24943.000 25183.000 26415.000 ) T:5182 ( 25087.000 25551.000 26543.000 27791.000 54143.000 54143.000 )
140.534: I:401 ( 24943.000 25199.000 25727.000 ) T:5583 ( 25071.000 25535.000 26527.000 27791.000 54143.000 54143.000 )
150.534: I:401 ( 24879.000 25135.000 25487.000 ) T:5984 ( 25055.000 25503.000 26495.000 27791.000 54143.000 54143.000 )
160.534: I:402 ( 24815.000 25055.000 35007.000 ) T:6386 ( 25039.000 25487.000 26479.000 28047.000 54143.000 54143.000 )
170.534: I:403 ( 24719.000 25023.000 51263.000 ) T:6789 ( 25023.000 25471.000 26463.000 31583.000 54143.000 54143.000 )
180.534: I:403 ( 24783.000 25023.000 25327.000 ) T:7192 ( 25007.000 25455.000 26463.000 28047.000 54143.000 54143.000 )
190.534: I:403 ( 24799.000 25039.000 34783.000 ) T:7595 ( 24991.000 25439.000 26463.000 31583.000 54143.000 54143.000 )
200.534: I:402 ( 24831.000 25039.000 35263.000 ) T:7997 ( 24975.000 25423.000 26447.000 31679.000 54143.000 54143.000 )
210.534: I:403 ( 24783.000 25023.000 35039.000 ) T:8400 ( 24959.000 25407.000 26431.000 31679.000 54143.000 54143.000 )
220.534: I:401 ( 24799.000 25055.000 35295.000 ) T:8801 ( 24959.000 25407.000 26447.000 35039.000 54143.000 54143.000 )
230.534: I:400 ( 24799.000 25039.000 35199.000 ) T:9201 ( 24943.000 25391.000 26447.000 35103.000 54143.000 54143.000 )
240.534: I:403 ( 24799.000 25039.000 35295.000 ) T:9604 ( 24943.000 25375.000 26447.000 35135.000 54143.000 54143.000 )
250.534: I:402 ( 24799.000 25023.000 35231.000 ) T:10006 ( 24927.000 25375.000 26431.000 35167.000 51263.000 54143.000 )
260.534: I:403 ( 24815.000 25023.000 25871.000 ) T:10409 ( 24927.000 25359.000 26415.000 35167.000 51263.000 54143.000 )
270.534: I:403 ( 24815.000 25039.000 34943.000 ) T:10812 ( 24911.000 25343.000 26399.000 35167.000 51263.000 54143.000 )
280.534: I:402 ( 24783.000 25023.000 35423.000 ) T:11214 ( 24911.000 25343.000 26399.000 35167.000 51263.000 54143.000 )
290.534: I:402 ( 24799.000 25055.000 28639.000 ) T:11616 ( 24911.000 25343.000 26399.000 35167.000 51263.000 54143.000 )
300.533: I:401 ( 24799.000 25039.000 35327.000 ) T:12017 ( 24895.000 25327.000 26399.000 35199.000 51263.000 54143.000 )
310.533: I:403 ( 24799.000 25071.000 27151.000 ) T:12420 ( 24895.000 25311.000 26399.000 35199.000 51263.000 54143.000 )
320.540: I:403 ( 24783.000 24991.000 34783.000 ) T:12823 ( 24895.000 25311.000 26383.000 35199.000 51263.000 54143.000 )
330.533: I:402 ( 24799.000 25023.000 35231.000 ) T:13225 ( 24895.000 25311.000 26383.000 35199.000 51263.000 54143.000 )
340.533: I:402 ( 24767.000 25023.000 35199.000 ) T:13627 ( 24879.000 25295.000 26367.000 35199.000 51263.000 54143.000 )
350.533: I:401 ( 24847.000 25135.000 35263.000 ) T:14028 ( 24879.000 25295.000 26399.000 35231.000 51263.000 54143.000 )
360.533: I:401 ( 24863.000 25119.000 35231.000 ) T:14429 ( 24879.000 25295.000 26383.000 35231.000 51263.000 54143.000 )
370.533: I:402 ( 24863.000 25103.000 26303.000 ) T:14831 ( 24879.000 25279.000 26367.000 35231.000 51263.000 54143.000 )
380.533: I:401 ( 24831.000 25071.000 35103.000 ) T:15232 ( 24879.000 25279.000 26367.000 35231.000 51263.000 54143.000 )
390.533: I:403 ( 24847.000 25071.000 25903.000 ) T:15635 ( 24879.000 25279.000 26351.000 35231.000 51263.000 54143.000 )
400.533: I:402 ( 24799.000 25007.000 35103.000 ) T:16037 ( 24879.000 25263.000 26351.000 35199.000 51263.000 54143.000 )
410.533: I:402 ( 24799.000 25039.000 35231.000 ) T:16439 ( 24879.000 25263.000 26351.000 35231.000 51263.000 54143.000 )
420.533: I:403 ( 24799.000 25055.000 34847.000 ) T:16842 ( 24879.000 25263.000 26351.000 35231.000 51263.000 54143.000 )
430.533: I:401 ( 24783.000 25055.000 35327.000 ) T:17243 ( 24863.000 25263.000 26351.000 35231.000 51263.000 54143.000 )
440.533: I:402 ( 24799.000 25039.000 36383.000 ) T:17645 ( 24863.000 25247.000 26351.000 35231.000 51263.000 54143.000 )
450.533: I:403 ( 24783.000 25023.000 25295.000 ) T:18048 ( 24863.000 25247.000 26351.000 35231.000 51263.000 54143.000 )
460.533: I:403 ( 24799.000 25023.000 26735.000 ) T:18451 ( 24863.000 25231.000 26351.000 35231.000 51263.000 54143.000 )
470.533: I:402 ( 24815.000 25103.000 35167.000 ) T:18853 ( 24863.000 25231.000 26335.000 35231.000 51263.000 54143.000 )
480.533: I:403 ( 24799.000 25039.000 25631.000 ) T:19256 ( 24863.000 25231.000 26319.000 35231.000 51263.000 54143.000 )
490.533: I:402 ( 24799.000 25039.000 35839.000 ) T:19658 ( 24863.000 25231.000 26319.000 35231.000 51263.000 54143.000 )
500.533: I:403 ( 24767.000 25007.000 35135.000 ) T:20061 ( 24863.000 25231.000 26319.000 35231.000 36383.000 54143.000 )
510.533: I:403 ( 24783.000 25007.000 34815.000 ) T:20464 ( 24863.000 25215.000 26303.000 35231.000 36383.000 54143.000 )
520.533: I:402 ( 24783.000 24991.000 35071.000 ) T:20866 ( 24847.000 25215.000 26303.000 35231.000 36383.000 54143.000 )
530.533: I:403 ( 24783.000 25039.000 28047.000 ) T:21269 ( 24847.000 25215.000 26319.000 35231.000 36383.000 54143.000 )
540.533: I:403 ( 24751.000 25007.000 35359.000 ) T:21672 ( 24847.000 25215.000 26303.000 35231.000 36383.000 54143.000 )
550.533: I:404 ( 24767.000 25023.000 26559.000 ) T:22076 ( 24847.000 25215.000 26303.000 35231.000 36383.000 54143.000 )
560.533: I:402 ( 24783.000 24991.000 35199.000 ) T:22478 ( 24847.000 25199.000 26287.000 35231.000 36383.000 54143.000 )
570.533: I:403 ( 24767.000 25023.000 35231.000 ) T:22881 ( 24847.000 25199.000 26287.000 35231.000 36383.000 54143.000 )
580.533: I:402 ( 24783.000 25039.000 35039.000 ) T:23283 ( 24847.000 25199.000 26287.000 35231.000 36383.000 54143.000 )
590.533: I:403 ( 24783.000 25039.000 26559.000 ) T:23686 ( 24847.000 25199.000 26271.000 35231.000 36383.000 54143.000 )
600.533: I:403 ( 24783.000 25023.000 25855.000 ) T:24089 ( 24847.000 25199.000 26271.000 35199.000 36383.000 54143.000 )
610.533: I:404 ( 24767.000 25071.000 27055.000 ) T:24493 ( 24847.000 25199.000 26255.000 35199.000 36383.000 54143.000 )
620.533: I:402 ( 24799.000 25055.000 25615.000 ) T:24895 ( 24847.000 25199.000 26255.000 35199.000 36383.000 54143.000 )
630.533: I:403 ( 24783.000 25023.000 35871.000 ) T:25298 ( 24847.000 25183.000 26255.000 35199.000 36383.000 54143.000 )
640.533: I:401 ( 24815.000 25039.000 34975.000 ) T:25699 ( 24847.000 25183.000 26255.000 35199.000 36383.000 54143.000 )
650.533: I:403 ( 24799.000 25039.000 35327.000 ) T:26102 ( 24847.000 25183.000 26255.000 35199.000 36383.000 54143.000 )
660.533: I:403 ( 24783.000 25007.000 35231.000 ) T:26505 ( 24831.000 25183.000 26239.000 35231.000 36383.000 54143.000 )
670.533: I:402 ( 24767.000 25023.000 35071.000 ) T:26907 ( 24831.000 25183.000 26239.000 35231.000 36383.000 54143.000 )
680.533: I:403 ( 24799.000 25055.000 27167.000 ) T:27310 ( 24831.000 25183.000 26239.000 35199.000 36383.000 54143.000 )
690.533: I:404 ( 24799.000 24991.000 25407.000 ) T:27714 ( 24831.000 25183.000 26239.000 35199.000 36383.000 54143.000 )
700.533: I:401 ( 24815.000 25039.000 35263.000 ) T:28115 ( 24831.000 25167.000 26239.000 35199.000 36383.000 54143.000 )
710.533: I:403 ( 24815.000 25055.000 35039.000 ) T:28518 ( 24831.000 25167.000 26239.000 35199.000 36383.000 54143.000 )
720.533: I:403 ( 24799.000 25039.000 25503.000 ) T:28921 ( 24831.000 25167.000 26223.000 35199.000 36383.000 54143.000 )
730.533: I:402 ( 24799.000 25007.000 35167.000 ) T:29323 ( 24831.000 25167.000 26223.000 35199.000 36383.000 54143.000 )
740.533: I:403 ( 24799.000 25007.000 35167.000 ) T:29726 ( 24831.000 25167.000 26207.000 35199.000 36383.000 54143.000 )
750.533: I:403 ( 24783.000 25023.000 34975.000 ) T:30129 ( 24831.000 25167.000 26207.000 35199.000 35871.000 54143.000 )
760.533: I:403 ( 24751.000 25007.000 26975.000 ) T:30532 ( 24831.000 25167.000 26191.000 35199.000 35871.000 54143.000 )
770.533: I:402 ( 24799.000 25087.000 35199.000 ) T:30934 ( 24831.000 25151.000 26207.000 35199.000 35871.000 54143.000 )
780.533: I:402 ( 24831.000 25039.000 35231.000 ) T:31336 ( 24831.000 25151.000 26207.000 35199.000 35871.000 54143.000 )
790.533: I:402 ( 24847.000 25087.000 35167.000 ) T:31738 ( 24831.000 25151.000 26207.000 35199.000 35871.000 54143.000 )
800.533: I:402 ( 24831.000 25071.000 25279.000 ) T:32140 ( 24831.000 25151.000 26191.000 35199.000 35871.000 54143.000 )
810.533: I:403 ( 24799.000 25055.000 34911.000 ) T:32543 ( 24831.000 25151.000 26191.000 35199.000 35871.000 54143.000 )
820.533: I:401 ( 24831.000 25071.000 35071.000 ) T:32944 ( 24831.000 25151.000 26191.000 35199.000 35871.000 54143.000 )
830.533: I:402 ( 24863.000 25103.000 26463.000 ) T:33346 ( 24831.000 25151.000 26175.000 35199.000 35871.000 54143.000 )
840.533: I:401 ( 24863.000 25087.000 35103.000 ) T:33747 ( 24831.000 25151.000 26175.000 35199.000 35871.000 54143.000 )
850.533: I:402 ( 24847.000 25087.000 26287.000 ) T:34149 ( 24831.000 25151.000 26175.000 35199.000 35871.000 54143.000 )
860.535: I:403 ( 24847.000 25071.000 25887.000 ) T:34552 ( 24831.000 25151.000 26159.000 35199.000 35871.000 54143.000 )
870.533: I:402 ( 24863.000 25087.000 27599.000 ) T:34954 ( 24831.000 25151.000 26159.000 35199.000 35871.000 54143.000 )
880.533: I:401 ( 24879.000 25087.000 34815.000 ) T:35355 ( 24831.000 25151.000 26159.000 35167.000 35871.000 54143.000 )
890.533: I:402 ( 24847.000 25087.000 34943.000 ) T:35757 ( 24831.000 25151.000 26159.000 35167.000 35871.000 54143.000 )
900.533: I:401 ( 24879.000 25103.000 47423.000 ) T:36158 ( 24831.000 25135.000 26143.000 35167.000 36383.000 54143.000 )
910.533: I:402 ( 24847.000 25087.000 27519.000 ) T:36560 ( 24831.000 25135.000 26143.000 35167.000 36383.000 54143.000 )
920.533: I:401 ( 24863.000 25055.000 35103.000 ) T:36961 ( 24831.000 25135.000 26143.000 35167.000 36383.000 54143.000 )
930.533: I:404 ( 24783.000 25039.000 25423.000 ) T:37365 ( 24831.000 25135.000 26143.000 35167.000 36383.000 54143.000 )
940.533: I:402 ( 24831.000 25071.000 35391.000 ) T:37767 ( 24831.000 25135.000 26143.000 35167.000 36383.000 54143.000 )
950.533: I:402 ( 24799.000 25039.000 28447.000 ) T:38169 ( 24831.000 25135.000 26143.000 35167.000 36383.000 54143.000 )
960.533: I:402 ( 24799.000 25055.000 35871.000 ) T:38571 ( 24831.000 25135.000 26143.000 35199.000 36383.000 54143.000 )
970.533: I:402 ( 24831.000 25087.000 35423.000 ) T:38973 ( 24831.000 25135.000 26143.000 35199.000 36383.000 54143.000 )
980.533: I:400 ( 24863.000 25103.000 35359.000 ) T:39373 ( 24831.000 25135.000 26143.000 35199.000 36383.000 54143.000 )
990.533: I:401 ( 24863.000 25119.000 35199.000 ) T:39774 ( 24831.000 25135.000 26127.000 35199.000 36383.000 54143.000 )
1000.533: I:402 ( 24847.000 25103.000 35103.000 ) T:40176 ( 24831.000 25135.000 26127.000 35199.000 35871.000 54143.000 )
1010.533: I:401 ( 24815.000 25087.000 35263.000 ) T:40577 ( 24831.000 25135.000 26143.000 35199.000 35871.000 54143.000 )
1020.533: I:402 ( 24847.000 25087.000 35135.000 ) T:40979 ( 24831.000 25135.000 26143.000 35199.000 35871.000 54143.000 )
1030.533: I:400 ( 24863.000 25071.000 35295.000 ) T:41379 ( 24831.000 25135.000 26143.000 35199.000 35871.000 54143.000 )
1040.533: I:402 ( 24863.000 25071.000 35167.000 ) T:41781 ( 24831.000 25135.000 26143.000 35199.000 35871.000 54143.000 )
1050.533: I:401 ( 24831.000 25055.000 35231.000 ) T:42182 ( 24831.000 25135.000 26143.000 35199.000 35871.000 54143.000 )
1060.533: I:401 ( 24863.000 25103.000 35007.000 ) T:42583 ( 24831.000 25135.000 26143.000 35199.000 35871.000 54143.000 )
1070.535: I:402 ( 24815.000 25103.000 34239.000 ) T:42985 ( 24831.000 25135.000 26143.000 35199.000 35871.000 54143.000 )
1080.533: I:402 ( 24847.000 25103.000 25743.000 ) T:43387 ( 24831.000 25135.000 26143.000 35199.000 35871.000 54143.000 )
1090.533: I:401 ( 24863.000 25119.000 35327.000 ) T:43788 ( 24831.000 25135.000 26143.000 35199.000 35871.000 54143.000 )
1100.533: I:402 ( 24831.000 25071.000 35519.000 ) T:44190 ( 24831.000 25135.000 26143.000 35199.000 35871.000 54143.000 )
1110.536: I:402 ( 24847.000 25071.000 35231.000 ) T:44592 ( 24831.000 25135.000 26143.000 35231.000 35871.000 54143.000 )
1120.533: I:401 ( 24863.000 25087.000 26399.000 ) T:44993 ( 24831.000 25135.000 26127.000 35231.000 35871.000 54143.000 )
1130.533: I:402 ( 24831.000 25103.000 35103.000 ) T:45395 ( 24831.000 25135.000 26143.000 35199.000 35871.000 54143.000 )
1140.533: I:402 ( 24831.000 25071.000 25823.000 ) T:45797 ( 24831.000 25135.000 26127.000 35199.000 35871.000 54143.000 )
1150.533: I:400 ( 24879.000 25103.000 35391.000 ) T:46197 ( 24831.000 25135.000 26143.000 35231.000 35871.000 54143.000 )
1160.533: I:403 ( 24815.000 25055.000 35167.000 ) T:46600 ( 24831.000 25119.000 26127.000 35231.000 35871.000 54143.000 )
1170.533: I:402 ( 24831.000 25071.000 35231.000 ) T:47002 ( 24831.000 25119.000 26127.000 35231.000 35871.000 54143.000 )
1180.533: I:402 ( 24815.000 25071.000 35135.000 ) T:47404 ( 24831.000 25119.000 26127.000 35231.000 35871.000 54143.000 )
1190.533: I:401 ( 24847.000 25103.000 35231.000 ) T:47805 ( 24831.000 25119.000 26127.000 35231.000 35871.000 54143.000 )
1200.533: I:402 ( 24847.000 25103.000 25679.000 ) T:48207 ( 24831.000 25119.000 26127.000 35231.000 35871.000 54143.000 )
1210.533: I:401 ( 24847.000 25119.000 34975.000 ) T:48608 ( 24831.000 25119.000 26127.000 35231.000 35871.000 54143.000 )
1220.533: I:403 ( 24815.000 25087.000 35135.000 ) T:49011 ( 24831.000 25119.000 26127.000 35199.000 35871.000 54143.000 )
1230.533: I:402 ( 24799.000 24991.000 35359.000 ) T:49413 ( 24831.000 25119.000 26111.000 35231.000 35871.000 54143.000 )
1240.533: I:404 ( 24783.000 25023.000 27199.000 ) T:49817 ( 24831.000 25119.000 26111.000 35231.000 35871.000 54143.000 )
1250.533: I:402 ( 24799.000 25071.000 35359.000 ) T:50219 ( 24831.000 25119.000 26127.000 35231.000 35871.000 54143.000 )
1260.533: I:402 ( 24783.000 25023.000 35231.000 ) T:50621 ( 24831.000 25119.000 26111.000 35231.000 35871.000 54143.000 )
1270.533: I:403 ( 24783.000 25023.000 26911.000 ) T:51024 ( 24831.000 25119.000 26111.000 35231.000 35871.000 54143.000 )
1280.533: I:403 ( 24799.000 25007.000 35135.000 ) T:51427 ( 24831.000 25119.000 26111.000 35231.000 35871.000 54143.000 )
1290.533: I:402 ( 24783.000 25007.000 35327.000 ) T:51829 ( 24831.000 25119.000 26111.000 35231.000 35871.000 54143.000 )
1300.533: I:404 ( 24783.000 24991.000 26863.000 ) T:52233 ( 24831.000 25119.000 26095.000 35231.000 35871.000 54143.000 )
1310.533: I:402 ( 24815.000 25055.000 34975.000 ) T:52635 ( 24831.000 25119.000 26079.000 35231.000 35871.000 54143.000 )
1320.533: I:402 ( 24799.000 25007.000 35199.000 ) T:53037 ( 24831.000 25119.000 26079.000 35199.000 35871.000 54143.000 )
1330.533: I:403 ( 24799.000 25039.000 35071.000 ) T:53440 ( 24831.000 25119.000 26079.000 35199.000 35871.000 54143.000 )
1340.533: I:403 ( 24783.000 25023.000 35135.000 ) T:53843 ( 24831.000 25119.000 26079.000 35199.000 35871.000 54143.000 )
1350.533: I:403 ( 24767.000 24991.000 27263.000 ) T:54246 ( 24831.000 25119.000 26079.000 35199.000 35871.000 54143.000 )
1360.533: I:404 ( 24767.000 24991.000 29679.000 ) T:54650 ( 24831.000 25119.000 26079.000 35199.000 35871.000 54143.000 )
1370.533: I:402 ( 24783.000 25023.000 27151.000 ) T:55052 ( 24831.000 25119.000 26079.000 35199.000 35871.000 54143.000 )
1380.533: I:403 ( 24783.000 25023.000 37151.000 ) T:55455 ( 24831.000 25119.000 26079.000 35199.000 35871.000 54143.000 )
1390.533: I:403 ( 24799.000 25007.000 27183.000 ) T:55858 ( 24831.000 25103.000 26079.000 35199.000 35871.000 54143.000 )
1400.533: I:403 ( 24767.000 25023.000 25391.000 ) T:56261 ( 24831.000 25103.000 26063.000 35199.000 35871.000 54143.000 )
1410.533: I:404 ( 24783.000 25007.000 25407.000 ) T:56665 ( 24831.000 25103.000 26063.000 35199.000 35871.000 54143.000 )
1420.533: I:401 ( 24783.000 25039.000 35391.000 ) T:57066 ( 24831.000 25103.000 26063.000 35199.000 35871.000 54143.000 )
1430.533: I:401 ( 24847.000 25055.000 35295.000 ) T:57467 ( 24831.000 25103.000 26063.000 35199.000 35871.000 54143.000 )
1440.533: I:401 ( 24799.000 25039.000 35103.000 ) T:57868 ( 24831.000 25103.000 26063.000 35199.000 35871.000 54143.000 )
1450.533: I:403 ( 24799.000 25039.000 35167.000 ) T:58271 ( 24831.000 25103.000 26063.000 35199.000 35871.000 54143.000 )
1460.533: I:402 ( 24767.000 25039.000 35167.000 ) T:58673 ( 24831.000 25103.000 26063.000 35199.000 35871.000 54143.000 )
1470.533: I:403 ( 24815.000 25055.000 35039.000 ) T:59076 ( 24831.000 25103.000 26063.000 35199.000 35871.000 54143.000 )
1480.533: I:402 ( 24815.000 25071.000 27135.000 ) T:59478 ( 24831.000 25103.000 26063.000 35199.000 35871.000 54143.000 )
1490.533: I:402 ( 24783.000 25055.000 35295.000 ) T:59880 ( 24831.000 25103.000 26063.000 35199.000 35871.000 54143.000 )
1500.533: I:402 ( 24799.000 25023.000 35199.000 ) T:60282 ( 24831.000 25103.000 26063.000 35199.000 35871.000 54143.000 )
1510.533: I:402 ( 24767.000 25023.000 35391.000 ) T:60684 ( 24831.000 25103.000 26063.000 35199.000 35871.000 54143.000 )
1520.533: I:402 ( 24799.000 25071.000 25807.000 ) T:61086 ( 24831.000 25103.000 26063.000 35199.000 35871.000 54143.000 )
1530.533: I:403 ( 24767.000 25055.000 35167.000 ) T:61489 ( 24831.000 25103.000 26063.000 35199.000 35871.000 54143.000 )
1540.533: I:403 ( 24799.000 25023.000 34847.000 ) T:61892 ( 24831.000 25103.000 26063.000 35199.000 35871.000 54143.000 )
1550.533: I:402 ( 24783.000 25055.000 35199.000 ) T:62294 ( 24831.000 25103.000 26063.000 35199.000 35871.000 54143.000 )
1560.533: I:403 ( 24783.000 25055.000 34943.000 ) T:62697 ( 24831.000 25103.000 26063.000 35199.000 35871.000 54143.000 )
1570.533: I:403 ( 24799.000 25087.000 27119.000 ) T:63100 ( 24831.000 25103.000 26047.000 35199.000 35871.000 54143.000 )
1580.533: I:402 ( 24783.000 25007.000 35007.000 ) T:63502 ( 24831.000 25103.000 26047.000 35199.000 35871.000 54143.000 )
1590.533: I:404 ( 24767.000 24991.000 34911.000 ) T:63906 ( 24831.000 25103.000 26047.000 35199.000 35871.000 54143.000 )
1590.803: I:1 ( 24303.000 24303.000 24303.000 ) T:63907 ( 24831.000 25103.000 26047.000 35199.000 35871.000 54143.000 )
1590.822: I:0 (   0.000   0.000   0.000 ) T:63907 ( 24831.000 25103.000 26047.000 35199.000 35871.000 54143.000 )
