#[Interval percentile log between 0.000 and <Infinite> seconds (relative to StartTime)]
#[StartTime: 1584756607.375 (seconds since epoch), Sat Mar 21 02:10:07 WET 2020]
Time: IntervalPercentiles:count ( 50% 90% Max ) TotalPercentiles:count ( 50% 90% 99% 99.9% 99.99% Max )
7.474: I:1151 ( 6423.000 6631.000 17087.000 ) T:1151 ( 6423.000 6631.000 6863.000 16831.000 17087.000 17087.000 )
17.473: I:1578 ( 6263.000 6603.000 14295.000 ) T:2729 ( 6343.000 6615.000 6847.000 15239.000 17087.000 17087.000 )
27.473: I:1579 ( 6295.000 6547.000 14207.000 ) T:4308 ( 6327.000 6599.000 6827.000 14207.000 17087.000 17087.000 )
37.473: I:1561 ( 6367.000 6527.000 15287.000 ) T:5869 ( 6347.000 6583.000 6803.000 14207.000 17087.000 17087.000 )
47.473: I:1572 ( 6339.000 6491.000 12263.000 ) T:7441 ( 6343.000 6567.000 6795.000 12263.000 17087.000 17087.000 )
57.473: I:1576 ( 6331.000 6507.000 12983.000 ) T:9017 ( 6343.000 6555.000 6791.000 12103.000 17087.000 17087.000 )
67.473: I:1560 ( 6343.000 6567.000 23279.000 ) T:10577 ( 6343.000 6559.000 6803.000 12263.000 17087.000 23279.000 )
77.473: I:1573 ( 6303.000 6527.000 12199.000 ) T:12150 ( 6335.000 6555.000 6807.000 12175.000 17087.000 23279.000 )
87.474: I:1569 ( 6299.000 6511.000 14463.000 ) T:13719 ( 6331.000 6551.000 6827.000 12751.000 17087.000 23279.000 )
97.473: I:1581 ( 6275.000 6499.000 11479.000 ) T:15300 ( 6323.000 6547.000 6843.000 12319.000 17087.000 23279.000 )
107.473: I:1561 ( 6323.000 6531.000 26367.000 ) T:16861 ( 6323.000 6543.000 6863.000 12823.000 23279.000 26367.000 )
117.473: I:1563 ( 6331.000 6559.000 16231.000 ) T:18424 ( 6323.000 6543.000 6879.000 12751.000 23279.000 26367.000 )
127.473: I:1568 ( 6307.000 6531.000 13455.000 ) T:19992 ( 6323.000 6543.000 6939.000 12751.000 23279.000 26367.000 )
137.473: I:1569 ( 6323.000 6531.000 12983.000 ) T:21561 ( 6323.000 6543.000 6919.000 12671.000 17087.000 26367.000 )
147.473: I:1571 ( 6315.000 6531.000 13047.000 ) T:23132 ( 6323.000 6543.000 6899.000 12663.000 17087.000 26367.000 )
157.473: I:1561 ( 6323.000 6531.000 14271.000 ) T:24693 ( 6323.000 6543.000 6995.000 12751.000 17087.000 26367.000 )
167.473: I:1569 ( 6315.000 6523.000 12871.000 ) T:26262 ( 6323.000 6539.000 7023.000 12719.000 17087.000 26367.000 )
177.473: I:1579 ( 6299.000 6519.000 9303.000 ) T:27841 ( 6319.000 6539.000 6971.000 12671.000 17087.000 26367.000 )
187.474: I:1569 ( 6311.000 6515.000 24223.000 ) T:29410 ( 6319.000 6539.000 6971.000 12671.000 23279.000 26367.000 )
197.473: I:1576 ( 6311.000 6539.000 9375.000 ) T:30986 ( 6319.000 6539.000 6911.000 12663.000 17087.000 26367.000 )
207.473: I:1570 ( 6319.000 6531.000 15591.000 ) T:32556 ( 6319.000 6539.000 6899.000 12567.000 17087.000 26367.000 )
217.473: I:1566 ( 6323.000 6535.000 19151.000 ) T:34122 ( 6319.000 6539.000 6899.000 12567.000 19151.000 26367.000 )
227.473: I:1567 ( 6339.000 6555.000 13095.000 ) T:35689 ( 6319.000 6539.000 6903.000 12567.000 19151.000 26367.000 )
237.473: I:1569 ( 6319.000 6539.000 12351.000 ) T:37258 ( 6319.000 6539.000 6911.000 12487.000 19151.000 26367.000 )
247.473: I:1574 ( 6303.000 6495.000 12583.000 ) T:38832 ( 6319.000 6539.000 6927.000 12487.000 19151.000 26367.000 )
257.473: I:1580 ( 6315.000 6479.000 9247.000 ) T:40412 ( 6319.000 6535.000 6899.000 12351.000 17087.000 26367.000 )
267.473: I:1568 ( 6335.000 6499.000 13047.000 ) T:41980 ( 6319.000 6535.000 6899.000 12375.000 17087.000 26367.000 )
277.473: I:1572 ( 6319.000 6463.000 12879.000 ) T:43552 ( 6319.000 6531.000 6891.000 12375.000 17087.000 26367.000 )
287.473: I:1573 ( 6315.000 6475.000 12815.000 ) T:45125 ( 6319.000 6531.000 6883.000 12375.000 17087.000 26367.000 )
297.473: I:1568 ( 6331.000 6539.000 12703.000 ) T:46693 ( 6319.000 6531.000 6887.000 12375.000 17087.000 26367.000 )
307.473: I:1577 ( 6303.000 6495.000 12767.000 ) T:48270 ( 6319.000 6531.000 6879.000 12375.000 17087.000 26367.000 )
317.473: I:1572 ( 6311.000 6511.000 14383.000 ) T:49842 ( 6319.000 6531.000 6879.000 12375.000 17087.000 26367.000 )
327.473: I:1571 ( 6319.000 6515.000 21071.000 ) T:51413 ( 6319.000 6527.000 6871.000 12351.000 17087.000 26367.000 )
337.472: I:1576 ( 6303.000 6483.000 14767.000 ) T:52989 ( 6319.000 6527.000 6863.000 12375.000 17087.000 26367.000 )
347.472: I:1584 ( 6295.000 6467.000 11511.000 ) T:54573 ( 6319.000 6527.000 6851.000 12319.000 17087.000 26367.000 )
357.473: I:1571 ( 6331.000 6507.000 12151.000 ) T:56144 ( 6319.000 6527.000 6847.000 12263.000 17087.000 26367.000 )
367.473: I:1593 ( 6259.000 6447.000 12871.000 ) T:57737 ( 6315.000 6523.000 6843.000 12319.000 17087.000 26367.000 )
377.473: I:1588 ( 6275.000 6455.000 12583.000 ) T:59325 ( 6315.000 6523.000 6835.000 12263.000 17087.000 26367.000 )
387.475: I:1576 ( 6303.000 6463.000 11855.000 ) T:60901 ( 6315.000 6519.000 6839.000 12263.000 16831.000 26367.000 )
397.472: I:1581 ( 6303.000 6479.000 9207.000 ) T:62482 ( 6315.000 6519.000 6831.000 12199.000 16831.000 26367.000 )
407.473: I:1577 ( 6307.000 6467.000 12647.000 ) T:64059 ( 6315.000 6519.000 6827.000 12199.000 16831.000 26367.000 )
417.473: I:1573 ( 6323.000 6527.000 13007.000 ) T:65632 ( 6315.000 6519.000 6831.000 12199.000 16831.000 26367.000 )
427.473: I:1579 ( 6299.000 6515.000 13055.000 ) T:67211 ( 6315.000 6519.000 6827.000 12191.000 16831.000 26367.000 )
437.473: I:1578 ( 6315.000 6523.000 12719.000 ) T:68789 ( 6315.000 6519.000 6819.000 12191.000 16831.000 26367.000 )
447.473: I:1582 ( 6295.000 6499.000 9303.000 ) T:70371 ( 6315.000 6519.000 6815.000 12151.000 16231.000 26367.000 )
457.473: I:1582 ( 6303.000 6463.000 12823.000 ) T:71953 ( 6315.000 6515.000 6807.000 12151.000 16231.000 26367.000 )
467.473: I:1579 ( 6299.000 6455.000 14479.000 ) T:73532 ( 6315.000 6515.000 6807.000 12175.000 16231.000 26367.000 )
477.473: I:1582 ( 6303.000 6467.000 12583.000 ) T:75114 ( 6315.000 6515.000 6803.000 12151.000 16231.000 26367.000 )
487.473: I:1573 ( 6311.000 6471.000 14775.000 ) T:76687 ( 6311.000 6515.000 6807.000 12199.000 16231.000 26367.000 )
497.473: I:1581 ( 6311.000 6467.000 12839.000 ) T:78268 ( 6311.000 6511.000 6803.000 12191.000 16231.000 26367.000 )
507.473: I:1576 ( 6291.000 6463.000 24447.000 ) T:79844 ( 6311.000 6511.000 6803.000 12263.000 16831.000 26367.000 )
517.473: I:1577 ( 6311.000 6471.000 14399.000 ) T:81421 ( 6311.000 6511.000 6803.000 12263.000 16527.000 26367.000 )
527.473: I:1576 ( 6315.000 6467.000 12527.000 ) T:82997 ( 6311.000 6511.000 6799.000 12263.000 16527.000 26367.000 )
537.473: I:1578 ( 6319.000 6475.000 9775.000 ) T:84575 ( 6311.000 6511.000 6799.000 12207.000 16527.000 26367.000 )
547.473: I:1580 ( 6307.000 6459.000 12191.000 ) T:86155 ( 6311.000 6507.000 6795.000 12191.000 16527.000 26367.000 )
557.473: I:1579 ( 6307.000 6459.000 12151.000 ) T:87734 ( 6311.000 6507.000 6795.000 12191.000 16527.000 26367.000 )
567.473: I:1581 ( 6307.000 6463.000 9447.000 ) T:89315 ( 6311.000 6507.000 6791.000 12151.000 16527.000 26367.000 )
577.473: I:1581 ( 6307.000 6475.000 10647.000 ) T:90896 ( 6311.000 6507.000 6787.000 12151.000 16231.000 26367.000 )
587.473: I:1577 ( 6299.000 6511.000 18191.000 ) T:92473 ( 6311.000 6507.000 6787.000 12151.000 16527.000 26367.000 )
597.472: I:1579 ( 6295.000 6523.000 13343.000 ) T:94052 ( 6311.000 6507.000 6787.000 12151.000 16527.000 26367.000 )
607.472: I:1588 ( 6275.000 6491.000 14871.000 ) T:95640 ( 6311.000 6507.000 6787.000 12151.000 16527.000 26367.000 )
617.473: I:1582 ( 6295.000 6499.000 12895.000 ) T:97222 ( 6311.000 6507.000 6783.000 12119.000 16527.000 26367.000 )
627.473: I:1584 ( 6287.000 6499.000 9335.000 ) T:98806 ( 6311.000 6507.000 6783.000 12103.000 16527.000 26367.000 )
637.473: I:1583 ( 6295.000 6499.000 9335.000 ) T:100389 ( 6311.000 6507.000 6779.000 12087.000 16231.000 26367.000 )
647.473: I:1578 ( 6291.000 6495.000 16071.000 ) T:101967 ( 6311.000 6507.000 6779.000 12103.000 16231.000 26367.000 )
657.473: I:1579 ( 6291.000 6507.000 23455.000 ) T:103546 ( 6311.000 6507.000 6779.000 12103.000 16527.000 26367.000 )
667.473: I:1586 ( 6279.000 6487.000 13055.000 ) T:105132 ( 6311.000 6507.000 6775.000 12103.000 16527.000 26367.000 )
677.473: I:1579 ( 6315.000 6495.000 9175.000 ) T:106711 ( 6311.000 6507.000 6771.000 12087.000 16527.000 26367.000 )
687.473: I:1572 ( 6327.000 6511.000 12063.000 ) T:108283 ( 6311.000 6507.000 6771.000 12079.000 16527.000 26367.000 )
697.473: I:1577 ( 6307.000 6527.000 17919.000 ) T:109860 ( 6311.000 6507.000 6771.000 12087.000 16831.000 26367.000 )
707.473: I:1580 ( 6307.000 6475.000 9271.000 ) T:111440 ( 6311.000 6507.000 6767.000 12063.000 16527.000 26367.000 )
717.473: I:1581 ( 6307.000 6475.000 12535.000 ) T:113021 ( 6311.000 6503.000 6767.000 12007.000 16527.000 26367.000 )
727.473: I:1582 ( 6303.000 6475.000 14255.000 ) T:114603 ( 6311.000 6503.000 6767.000 12063.000 16527.000 26367.000 )
737.473: I:1586 ( 6271.000 6459.000 12983.000 ) T:116189 ( 6307.000 6503.000 6763.000 12087.000 16527.000 26367.000 )
747.472: I:1579 ( 6307.000 6503.000 13119.000 ) T:117768 ( 6307.000 6503.000 6763.000 12103.000 16527.000 26367.000 )
757.472: I:1593 ( 6267.000 6467.000 7931.000 ) T:119361 ( 6307.000 6503.000 6759.000 12087.000 16527.000 26367.000 )
767.473: I:1588 ( 6275.000 6467.000 12759.000 ) T:120949 ( 6307.000 6503.000 6759.000 12087.000 16231.000 26367.000 )
777.473: I:1580 ( 6315.000 6483.000 9071.000 ) T:122529 ( 6307.000 6503.000 6759.000 12079.000 16231.000 26367.000 )
787.473: I:1584 ( 6287.000 6455.000 14911.000 ) T:124113 ( 6307.000 6503.000 6755.000 12079.000 16231.000 26367.000 )
797.473: I:1583 ( 6303.000 6463.000 9575.000 ) T:125696 ( 6307.000 6503.000 6755.000 12063.000 16231.000 26367.000 )
807.473: I:1582 ( 6315.000 6463.000 8863.000 ) T:127278 ( 6307.000 6499.000 6755.000 12007.000 16231.000 26367.000 )
817.473: I:1586 ( 6299.000 6439.000 9495.000 ) T:128864 ( 6307.000 6499.000 6751.000 11991.000 16231.000 26367.000 )
827.473: I:1586 ( 6295.000 6451.000 8879.000 ) T:130450 ( 6307.000 6499.000 6747.000 11911.000 16071.000 26367.000 )
837.473: I:1583 ( 6299.000 6479.000 9327.000 ) T:132033 ( 6307.000 6499.000 6747.000 11791.000 16071.000 26367.000 )
847.473: I:1586 ( 6291.000 6459.000 9279.000 ) T:133619 ( 6307.000 6499.000 6747.000 11767.000 16071.000 26367.000 )
857.475: I:1590 ( 6287.000 6447.000 8075.000 ) T:135209 ( 6307.000 6499.000 6743.000 11727.000 16071.000 26367.000 )
867.472: I:1587 ( 6295.000 6463.000 8255.000 ) T:136796 ( 6307.000 6499.000 6743.000 11711.000 16071.000 26367.000 )
877.472: I:1581 ( 6303.000 6451.000 11991.000 ) T:138377 ( 6307.000 6499.000 6743.000 11655.000 16071.000 26367.000 )
887.472: I:1589 ( 6283.000 6435.000 12727.000 ) T:139966 ( 6307.000 6495.000 6739.000 11655.000 16071.000 26367.000 )
897.472: I:1588 ( 6283.000 6455.000 12103.000 ) T:141554 ( 6307.000 6495.000 6739.000 11647.000 15751.000 26367.000 )
907.472: I:1578 ( 6319.000 6475.000 14559.000 ) T:143132 ( 6307.000 6495.000 6739.000 11647.000 15751.000 26367.000 )
917.472: I:1587 ( 6299.000 6451.000 9095.000 ) T:144719 ( 6307.000 6495.000 6735.000 11639.000 15751.000 26367.000 )
927.472: I:1589 ( 6279.000 6443.000 11631.000 ) T:146308 ( 6307.000 6495.000 6735.000 11631.000 15751.000 26367.000 )
937.473: I:1585 ( 6303.000 6463.000 9207.000 ) T:147893 ( 6307.000 6495.000 6731.000 11623.000 15751.000 26367.000 )
947.472: I:1580 ( 6319.000 6499.000 8095.000 ) T:149473 ( 6307.000 6495.000 6731.000 11599.000 15751.000 26367.000 )
957.472: I:1579 ( 6319.000 6523.000 8783.000 ) T:151052 ( 6307.000 6495.000 6731.000 11567.000 15591.000 26367.000 )
967.472: I:1583 ( 6307.000 6495.000 8687.000 ) T:152635 ( 6307.000 6495.000 6731.000 11559.000 15591.000 26367.000 )
977.472: I:1584 ( 6303.000 6479.000 8287.000 ) T:154219 ( 6307.000 6495.000 6727.000 11503.000 15591.000 26367.000 )
987.472: I:1581 ( 6311.000 6495.000 8471.000 ) T:155800 ( 6307.000 6495.000 6727.000 11503.000 15591.000 26367.000 )
997.472: I:1578 ( 6327.000 6515.000 8147.000 ) T:157378 ( 6307.000 6495.000 6727.000 11447.000 15591.000 26367.000 )
1007.472: I:1580 ( 6303.000 6479.000 12151.000 ) T:158958 ( 6307.000 6495.000 6727.000 11447.000 15591.000 26367.000 )
1017.472: I:1584 ( 6307.000 6467.000 9039.000 ) T:160542 ( 6307.000 6495.000 6727.000 11439.000 15287.000 26367.000 )
1027.472: I:1585 ( 6303.000 6455.000 9183.000 ) T:162127 ( 6307.000 6495.000 6723.000 11423.000 15287.000 26367.000 )
1037.472: I:1586 ( 6295.000 6443.000 9143.000 ) T:163713 ( 6307.000 6495.000 6723.000 11407.000 15287.000 26367.000 )
1047.472: I:1586 ( 6303.000 6479.000 8119.000 ) T:165299 ( 6307.000 6495.000 6723.000 11359.000 15287.000 26367.000 )
1057.472: I:1581 ( 6307.000 6463.000 12815.000 ) T:166880 ( 6307.000 6495.000 6723.000 11359.000 15287.000 26367.000 )
1067.472: I:1594 ( 6271.000 6427.000 8059.000 ) T:168474 ( 6307.000 6491.000 6723.000 11343.000 15287.000 26367.000 )
1077.472: I:1587 ( 6287.000 6459.000 8855.000 ) T:170061 ( 6307.000 6491.000 6723.000 11327.000 15239.000 26367.000 )
1087.472: I:1588 ( 6291.000 6439.000 8447.000 ) T:171649 ( 6307.000 6491.000 6719.000 11295.000 15239.000 26367.000 )
1097.472: I:1581 ( 6311.000 6467.000 14175.000 ) T:173230 ( 6307.000 6491.000 6719.000 11271.000 15239.000 26367.000 )
1107.472: I:1581 ( 6307.000 6507.000 8271.000 ) T:174811 ( 6307.000 6491.000 6719.000 11255.000 15239.000 26367.000 )
1117.472: I:1583 ( 6299.000 6507.000 8239.000 ) T:176394 ( 6307.000 6491.000 6719.000 11247.000 15239.000 26367.000 )
1127.472: I:1586 ( 6299.000 6511.000 8567.000 ) T:177980 ( 6307.000 6491.000 6715.000 11239.000 15239.000 26367.000 )
1137.472: I:1583 ( 6291.000 6467.000 14647.000 ) T:179563 ( 6307.000 6491.000 6715.000 11239.000 15239.000 26367.000 )
1147.472: I:1584 ( 6295.000 6443.000 13783.000 ) T:181147 ( 6307.000 6491.000 6715.000 11231.000 14911.000 26367.000 )
1157.472: I:1578 ( 6303.000 6447.000 16151.000 ) T:182725 ( 6307.000 6491.000 6715.000 11239.000 15239.000 26367.000 )
1167.473: I:1580 ( 6303.000 6447.000 12559.000 ) T:184305 ( 6307.000 6491.000 6715.000 11239.000 15239.000 26367.000 )
1177.472: I:1580 ( 6311.000 6507.000 9511.000 ) T:185885 ( 6307.000 6491.000 6715.000 11231.000 15239.000 26367.000 )
1187.474: I:1572 ( 6311.000 6535.000 24191.000 ) T:187457 ( 6307.000 6491.000 6715.000 11239.000 15287.000 26367.000 )
1197.472: I:1586 ( 6291.000 6507.000 8879.000 ) T:189043 ( 6307.000 6491.000 6715.000 11223.000 15287.000 26367.000 )
1207.472: I:1585 ( 6303.000 6463.000 9143.000 ) T:190628 ( 6307.000 6491.000 6715.000 11223.000 15239.000 26367.000 )
1217.472: I:1579 ( 6319.000 6499.000 9519.000 ) T:192207 ( 6307.000 6491.000 6715.000 11143.000 15239.000 26367.000 )
1227.472: I:1574 ( 6339.000 6503.000 13111.000 ) T:193781 ( 6307.000 6491.000 6715.000 11143.000 15239.000 26367.000 )
1237.472: I:1575 ( 6327.000 6527.000 12743.000 ) T:195356 ( 6307.000 6491.000 6711.000 11127.000 15239.000 26367.000 )
1247.472: I:1584 ( 6291.000 6515.000 8695.000 ) T:196940 ( 6307.000 6491.000 6711.000 11111.000 15239.000 26367.000 )
1257.472: I:1585 ( 6283.000 6499.000 9535.000 ) T:198525 ( 6307.000 6491.000 6711.000 11087.000 15239.000 26367.000 )
1267.472: I:1585 ( 6287.000 6487.000 12863.000 ) T:200110 ( 6307.000 6491.000 6711.000 11023.000 14911.000 26367.000 )
1277.473: I:1587 ( 6279.000 6487.000 9471.000 ) T:201697 ( 6307.000 6491.000 6711.000 10991.000 14911.000 26367.000 )
1287.473: I:1589 ( 6275.000 6487.000 9247.000 ) T:203286 ( 6307.000 6491.000 6711.000 10911.000 14911.000 26367.000 )
1297.472: I:1584 ( 6283.000 6499.000 9311.000 ) T:204870 ( 6303.000 6491.000 6711.000 10895.000 14911.000 26367.000 )
1307.472: I:1590 ( 6283.000 6435.000 9335.000 ) T:206460 ( 6303.000 6491.000 6711.000 10775.000 14911.000 26367.000 )
1317.472: I:1585 ( 6295.000 6487.000 9503.000 ) T:208045 ( 6303.000 6491.000 6711.000 10679.000 14911.000 26367.000 )
1327.472: I:1579 ( 6279.000 6499.000 15247.000 ) T:209624 ( 6303.000 6491.000 6711.000 10911.000 15239.000 26367.000 )
1337.472: I:1589 ( 6279.000 6443.000 9031.000 ) T:211213 ( 6303.000 6491.000 6711.000 10879.000 14911.000 26367.000 )
1347.472: I:1589 ( 6287.000 6451.000 7507.000 ) T:212802 ( 6303.000 6491.000 6711.000 10775.000 14911.000 26367.000 )
1357.472: I:1579 ( 6319.000 6503.000 9111.000 ) T:214381 ( 6303.000 6491.000 6711.000 10679.000 14911.000 26367.000 )
1367.472: I:1615 ( 6171.000 6399.000 11831.000 ) T:215996 ( 6303.000 6491.000 6707.000 10751.000 14911.000 26367.000 )
1377.472: I:1576 ( 6323.000 6503.000 9791.000 ) T:217572 ( 6303.000 6491.000 6711.000 10647.000 14911.000 26367.000 )
1387.472: I:1582 ( 6311.000 6471.000 8367.000 ) T:219154 ( 6303.000 6491.000 6707.000 10511.000 14911.000 26367.000 )
1397.472: I:1583 ( 6307.000 6471.000 8831.000 ) T:220737 ( 6303.000 6491.000 6707.000 10391.000 14871.000 26367.000 )
1407.472: I:1578 ( 6311.000 6483.000 14615.000 ) T:222315 ( 6303.000 6491.000 6707.000 10567.000 14871.000 26367.000 )
1417.472: I:1586 ( 6291.000 6471.000 8263.000 ) T:223901 ( 6303.000 6491.000 6707.000 10511.000 14871.000 26367.000 )
1427.472: I:1583 ( 6311.000 6491.000 8735.000 ) T:225484 ( 6303.000 6491.000 6707.000 10295.000 14871.000 26367.000 )
1437.472: I:1586 ( 6291.000 6447.000 9135.000 ) T:227070 ( 6303.000 6491.000 6707.000 10223.000 14871.000 26367.000 )
1447.472: I:1592 ( 6275.000 6427.000 7463.000 ) T:228662 ( 6303.000 6491.000 6707.000 10167.000 14871.000 26367.000 )
1457.472: I:1587 ( 6287.000 6447.000 9127.000 ) T:230249 ( 6303.000 6487.000 6707.000 10023.000 14775.000 26367.000 )
1467.472: I:1579 ( 6315.000 6499.000 12863.000 ) T:231828 ( 6303.000 6487.000 6707.000 10023.000 14775.000 26367.000 )
1477.472: I:1579 ( 6299.000 6507.000 18159.000 ) T:233407 ( 6303.000 6487.000 6707.000 10055.000 14871.000 26367.000 )
1487.473: I:1591 ( 6267.000 6479.000 9359.000 ) T:234998 ( 6303.000 6487.000 6703.000 10023.000 14871.000 26367.000 )
1497.473: I:1584 ( 6295.000 6511.000 8439.000 ) T:236582 ( 6303.000 6491.000 6703.000 9967.000 14871.000 26367.000 )
1507.472: I:1580 ( 6315.000 6535.000 8119.000 ) T:238162 ( 6303.000 6491.000 6703.000 9903.000 14871.000 26367.000 )
1517.472: I:1583 ( 6299.000 6527.000 9263.000 ) T:239745 ( 6303.000 6491.000 6703.000 9895.000 14871.000 26367.000 )
1527.472: I:1580 ( 6307.000 6523.000 9327.000 ) T:241325 ( 6303.000 6491.000 6703.000 9831.000 14775.000 26367.000 )
1537.472: I:1589 ( 6279.000 6503.000 8991.000 ) T:242914 ( 6303.000 6491.000 6703.000 9791.000 14775.000 26367.000 )
1547.472: I:1576 ( 6327.000 6511.000 12631.000 ) T:244490 ( 6303.000 6491.000 6703.000 9791.000 14775.000 26367.000 )
1557.472: I:1587 ( 6291.000 6483.000 8311.000 ) T:246077 ( 6303.000 6491.000 6703.000 9783.000 14775.000 26367.000 )
1567.472: I:1583 ( 6303.000 6511.000 8463.000 ) T:247660 ( 6303.000 6491.000 6703.000 9775.000 14775.000 26367.000 )
1577.472: I:1583 ( 6299.000 6503.000 8511.000 ) T:249243 ( 6303.000 6491.000 6703.000 9719.000 14775.000 26367.000 )
1587.472: I:1584 ( 6303.000 6483.000 8263.000 ) T:250827 ( 6303.000 6491.000 6703.000 9711.000 14767.000 26367.000 )
1597.472: I:1585 ( 6299.000 6479.000 9391.000 ) T:252412 ( 6303.000 6491.000 6703.000 9695.000 14767.000 26367.000 )
1607.472: I:1585 ( 6303.000 6479.000 8287.000 ) T:253997 ( 6303.000 6491.000 6703.000 9695.000 14767.000 26367.000 )
1617.472: I:1582 ( 6307.000 6487.000 13703.000 ) T:255579 ( 6303.000 6491.000 6703.000 9695.000 14767.000 26367.000 )
1627.472: I:1584 ( 6307.000 6459.000 8615.000 ) T:257163 ( 6303.000 6491.000 6699.000 9671.000 14767.000 26367.000 )
1637.472: I:1587 ( 6287.000 6439.000 12831.000 ) T:258750 ( 6303.000 6491.000 6699.000 9671.000 14767.000 26367.000 )
1647.472: I:1577 ( 6311.000 6463.000 15071.000 ) T:260327 ( 6303.000 6491.000 6699.000 9695.000 14767.000 26367.000 )
1657.472: I:1579 ( 6327.000 6503.000 8043.000 ) T:261906 ( 6303.000 6491.000 6699.000 9671.000 14767.000 26367.000 )
1667.472: I:1585 ( 6295.000 6459.000 8359.000 ) T:263491 ( 6303.000 6491.000 6699.000 9615.000 14767.000 26367.000 )
1677.472: I:1584 ( 6299.000 6471.000 11999.000 ) T:265075 ( 6303.000 6491.000 6699.000 9615.000 14767.000 26367.000 )
1687.472: I:1584 ( 6299.000 6491.000 8423.000 ) T:266659 ( 6303.000 6491.000 6699.000 9607.000 14767.000 26367.000 )
1687.724: I:1 ( 6307.000 6307.000 6307.000 ) T:266660 ( 6303.000 6491.000 6699.000 9607.000 14767.000 26367.000 )
1687.743: I:0 (   0.000   0.000   0.000 ) T:266660 ( 6303.000 6491.000 6699.000 9607.000 14767.000 26367.000 )
