# NRows Mean     Lower    Upper   
      0 9.77     5.92     13.63   
     10 7.59     6.91     8.27    
     20 7.36     7.03     7.68    
     30 7.32     7.05     7.59    
     40 7.60     6.91     8.29    
     50 7.67     6.97     8.38    
     60 7.89     7.13     8.65    
     70 8.16     7.26     9.06    
     80 8.07     7.25     8.89    
     90 8.29     7.38     9.21    
    100 8.43     7.57     9.29    
    110 8.55     7.72     9.38    
    120 8.65     7.82     9.48    
    130 8.67     7.83     9.51    
    140 8.71     7.84     9.57    
    150 8.72     7.90     9.54    
    160 8.73     7.91     9.55    
    170 8.73     7.89     9.57    
    180 8.73     7.89     9.58    
    190 8.72     7.85     9.59    
    200 8.72     7.85     9.59    
    210 8.71     7.84     9.58    
    220 8.71     7.84     9.57    
    230 8.71     7.85     9.57    
    240 8.71     7.86     9.56    
    250 8.70     7.84     9.56    
    260 8.70     7.84     9.56    
    270 8.69     7.83     9.55    
    280 8.69     7.82     9.55    
    290 8.69     7.83     9.55    
    300 8.68     7.82     9.55    
    310 8.68     7.82     9.54    
    320 8.68     7.81     9.55    
    330 8.67     7.80     9.54    
    340 8.66     7.79     9.54    
    350 8.65     7.78     9.52    
    360 8.64     7.77     9.51    
    370 8.64     7.77     9.51    
    380 8.63     7.76     9.50    
    390 8.63     7.76     9.50    
    400 8.63     7.76     9.50    
    410 8.61     7.75     9.48    
    420 8.62     7.75     9.49    
    430 8.60     7.73     9.47    
    440 8.60     7.73     9.47    
    450 8.58     7.71     9.46    
    460 8.57     7.70     9.45    
    470 8.57     7.69     9.45    
    480 8.55     7.68     9.43    
    490 8.53     7.65     9.42    
    500 8.53     7.64     9.41    
    510 8.51     7.63     9.40    
    520 8.50     7.61     9.38    
    530 8.49     7.60     9.38    
    540 8.47     7.57     9.37    
    550 8.46     7.55     9.36    
    560 8.43     7.51     9.34    
    570 8.42     7.50     9.34    
    580 8.39     7.44     9.33    
    590 8.37     7.42     9.32    
    600 8.34     7.37     9.31    
    610 8.33     7.34     9.31    
    620 8.32     7.34     9.31    
    630 8.31     7.31     9.30    
    640 8.30     7.30     9.29    
    650 8.30     7.30     9.29    
    660 8.29     7.28     9.29    
    670 8.28     7.27     9.29    
    680 8.28     7.26     9.29    
    690 8.27     7.25     9.29    
    700 8.26     7.23     9.29    
    710 8.26     7.23     9.29    
    720 8.25     7.22     9.29    
    730 8.25     7.20     9.29    
    740 8.24     7.19     9.29    
    750 8.24     7.19     9.29    
    760 8.23     7.18     9.29    
    770 8.23     7.18     9.29    
    780 8.22     7.16     9.29    
    790 8.22     7.16     9.29    
    800 8.22     7.15     9.28    
    810 8.21     7.15     9.28    
    820 8.21     7.15     9.28    
    830 8.21     7.14     9.28    
    840 8.21     7.14     9.28    
    850 8.20     7.12     9.28    
    860 8.20     7.12     9.27    
    870 8.20     7.12     9.27    
    880 8.20     7.12     9.27    
    890 8.19     7.11     9.27    
    900 8.19     7.11     9.27    
    910 8.18     7.11     9.26    
    920 8.18     7.10     9.26    
    930 8.18     7.10     9.26    
    940 8.18     7.10     9.26    
    950 8.17     7.09     9.26    
    960 8.17     7.09     9.25    
    970 8.17     7.09     9.25    
    980 8.17     7.09     9.25    
    990 8.17     7.09     9.25    
   1000 8.17     7.08     9.25    
   1010 8.17     7.08     9.25    
   1020 8.16     7.08     9.25    
   1030 8.16     7.08     9.25    
   1040 8.16     7.08     9.24    
   1050 8.16     7.08     9.24    
   1060 8.16     7.08     9.24    
   1070 8.16     7.08     9.24    
   1080 8.16     7.08     9.24    
   1090 8.16     7.08     9.24    
   1100 8.16     7.08     9.24    
   1110 8.15     7.08     9.23    
   1120 8.16     7.08     9.24    
   1130 8.16     7.08     9.24    
   1140 8.16     7.08     9.23    
   1150 8.16     7.08     9.23    
   1160 8.16     7.09     9.23    
   1170 8.16     7.09     9.23    
   1180 8.16     7.09     9.23    
   1190 8.16     7.09     9.23    
   1200 8.16     7.08     9.23    
   1210 8.16     7.08     9.23    
   1220 8.15     7.08     9.23    
   1230 8.15     7.08     9.23    
   1240 8.15     7.08     9.22    
   1250 8.15     7.08     9.23    
   1260 8.15     7.08     9.22    
   1270 8.15     7.08     9.22    
   1280 8.15     7.08     9.21    
   1290 8.15     7.08     9.22    
   1300 8.15     7.08     9.22    
   1310 8.15     7.08     9.22    
   1320 8.14     7.07     9.22    
   1330 8.14     7.07     9.22    
   1340 8.15     7.07     9.22    
   1350 8.15     7.07     9.22    
   1360 8.14     7.07     9.22    
   1370 8.15     7.07     9.22    
   1380 8.14     7.07     9.21    
   1390 8.14     7.07     9.21    
   1400 8.14     7.07     9.21    
   1410 8.14     7.07     9.20    
   1420 8.14     7.08     9.20    
   1430 8.14     7.08     9.20    
   1440 8.14     7.08     9.20    
   1450 8.14     7.08     9.20    
   1460 8.14     7.08     9.20    
   1470 8.14     7.08     9.19    
   1480 8.13     7.08     9.19    
   1490 8.13     7.08     9.19    
   1500 8.13     7.08     9.18    
   1510 8.13     7.08     9.18    
   1520 8.13     7.08     9.18    
   1530 8.13     7.08     9.18    
   1540 8.13     7.08     9.18    
   1550 8.13     7.09     9.18    
   1560 8.13     7.09     9.18    
   1570 8.14     7.09     9.18    
   1580 8.13     7.09     9.18    
   1590 8.13     7.09     9.18    
   1600 8.13     7.09     9.17    
   1610 8.13     7.09     9.17    
   1620 8.13     7.09     9.17    
   1630 8.13     7.09     9.17    
   1640 8.13     7.09     9.17    
   1650 8.12     7.08     9.16    
   1660 8.12     7.08     9.17    
   1670 8.12     7.08     9.16    
   1680 8.12     7.08     9.15    
   1690 8.12     7.09     9.15    
   1700 8.12     7.09     9.15    
   1710 4.96     1.03     8.89    
WARNING! More run are needed to calculate a 0.950000 confidence interval of with 5 accuracy.
A total of 5 runs were executed but the ideal size is 6313280075.146566.
