# NRows Mean     Lower    Upper   
     10 256.80   174.24   339.36  
     20 77.60    20.27    134.93  
     30 48741.40 19042.66 78440.14
     40 247872.00 205610.76 290133.24
     50 398237.40 379086.84 417387.96
     60 395660.60 383697.39 407623.81
     70 386245.80 376015.20 396476.40
     80 151273.80 126884.36 175663.24
     90 14533.00 -4513.88 33579.88
    100 72771.60 47881.85 97661.35
    110 26233.60 1872.87  50594.33
    120 4070.40  4029.75  4111.05 
    130 84992.80 80430.20 89555.40
    140 4089.40  4055.77  4123.03 
    150 3695.40  3647.76  3743.04 
    160 18535.80 11801.48 25270.12
    170 6895.40  1553.07  12237.73
    180 9059.20  5371.47  12746.93
    190 48016.80 44426.22 51607.38
    200 4100.80  4076.69  4124.91 
    210 4085.40  4028.59  4142.21 
    220 35691.40 35432.76 35950.04
    230 4080.20  4037.96  4122.44 
    240 6028.20  5954.87  6101.53 
    250 37486.60 37004.19 37969.01
    260 4100.00  4074.52  4125.48 
    270 4083.60  4027.28  4139.92 
    280 16175.00 4386.04  27963.96
    290 23198.00 11407.36 34988.64
    300 9014.60  3826.81  14202.39
    310 19807.40 14785.66 24829.14
    320 16153.40 15501.33 16805.47
    330 4079.40  4035.86  4122.94 
    340 4111.80  4055.33  4168.27 
    350 35136.40 34942.23 35330.57
    360 4079.40  4038.55  4120.25 
    370 4113.20  4105.59  4120.81 
    380 37035.80 36849.24 37222.36
    390 4096.00  4074.41  4117.59 
    400 4102.80  4049.95  4155.65 
    410 35740.40 35499.63 35981.17
    420 4087.80  4060.22  4115.38 
    430 4103.00  4079.76  4126.24 
    440 36534.80 36146.22 36923.38
    450 4104.20  4088.73  4119.67 
    460 4091.40  4067.53  4115.27 
    470 36277.80 36009.71 36545.89
    480 4064.60  4015.79  4113.41 
    490 4122.60  4104.57  4140.63 
    500 18154.20 5491.89  30816.51
    510 22679.40 10089.28 35269.52
    520 4121.00  4113.94  4128.06 
    530 4792.20  3377.16  6207.24 
    540 86015.20 83782.15 88248.25
    550 4081.00  4034.56  4127.44 
    560 4085.40  4046.03  4124.77 
    570 60790.20 59505.35 62075.05
    580 5393.80  2949.11  7838.49 
    590 26214.60 23039.67 29389.53
    600 33558.20 33336.65 33779.75
    610 5620.60  2680.38  8560.82 
    620 34945.00 31620.65 38269.35
    630 22084.20 21386.69 22781.71
    640 5959.00  2415.18  9502.82 
    650 33763.80 22793.86 44733.74
    660 10069.80 -1346.26 21485.86
    670 19949.40 19644.99 20253.81
    680 36091.40 24675.34 47507.46
    690 10048.60 -1228.81 21326.01
    700 18366.00 18116.88 18615.12
    710 36213.00 24979.07 47446.93
    720 10183.40 -1377.25 21744.05
    730 18436.40 18187.66 18685.14
    740 18203.80 3837.59  32570.01
    750 27940.60 13670.09 42211.11
    760 18644.80 18296.31 18993.29
    770 5941.20  2442.35  9440.05 
    780 40027.80 36838.93 43216.67
    790 18592.80 18376.92 18808.68
    800 5913.60  2424.73  9402.47 
    810 40708.20 37162.32 44254.08
    820 11916.80 5639.09  18194.51
    830 10869.40 4601.98  17136.82
    840 36381.40 24929.22 47833.58
    850 10079.60 -1362.73 21521.93
    860 18539.80 18390.78 18688.82
    870 36323.40 24899.87 47746.93
    880 10002.80 -1204.43 21210.03
    890 18631.60 18300.60 18962.60
    900 19471.40 6115.87  32826.93
    910 26959.80 13557.15 40362.45
    920 18645.80 18476.51 18815.09
    930 7543.60  3518.08  11569.12
    940 38854.80 34776.55 42933.05
    950 18693.20 18590.45 18795.95
    960 6008.60  2355.65  9661.55 
    970 40513.20 37158.62 43867.78
    980 9363.40  3738.83  14987.97
    990 13483.60 7875.43  19091.77
   1000 36117.40 24720.31 47514.49
   1010 13003.80 1583.12  24424.48
   1020 15686.80 10165.87 21207.73
   1030 36370.40 24820.73 47920.07
   1040 10059.20 -1338.04 21456.44
   1050 18567.00 18419.45 18714.55
   1060 17596.40 5033.77  30159.03
   1070 28563.80 15842.35 41285.25
   1080 18488.80 18304.21 18673.39
   1090 13501.80 -377.71  27381.31
   1100 32859.20 18747.94 46970.46
   1110 18656.20 18514.14 18798.26
   1120 5945.00  2464.03  9425.97 
   1130 40559.60 37320.58 43798.62
   1140 9194.00  3776.90  14611.10
   1150 13403.00 7875.32  18930.68
   1160 36336.40 24867.69 47805.11
   1170 13011.80 1598.55  24425.05
   1180 15691.80 10169.87 21213.73
   1190 36170.00 24783.50 47556.50
   1200 10978.80 -204.18  22161.78
   1210 17791.60 16008.03 19575.17
   1220 16425.40 3676.97  29173.83
   1230 30276.20 17416.88 43135.52
   1240 18694.40 18507.53 18881.27
   1250 13544.60 -623.59  27712.79
   1260 33137.20 18866.42 47407.98
   1270 18667.80 18417.88 18917.72
   1280 13576.60 -469.95  27623.15
   1290 33017.80 18837.91 47197.69
   1300 8865.00  3123.64  14606.36
   1310 13844.80 7947.95  19741.65
   1320 36391.60 24852.64 47930.56
   1330 12942.00 1537.39  24346.61
   1340 15833.80 10245.53 21422.07
   1350 36174.80 24684.55 47665.05
   1360 13059.60 1590.71  24528.49
   1370 15677.80 10182.20 21173.40
   1380 16157.60 3691.09  28624.11
   1390 29963.40 17258.01 42668.79
   1400 18628.60 18388.03 18869.17
   1410 13534.00 -464.11  27532.11
   1420 32922.80 18800.83 47044.77
   1430 18402.00 18298.20 18505.80
   1440 13594.80 -453.17  27642.77
   1450 32949.00 18722.10 47175.90
   1460 8780.00  3100.84  14459.16
   1470 18501.80 13311.34 23692.26
   1480 31438.40 18834.37 44042.43
   1490 12939.40 1640.86  24237.94
   1500 15793.80 10216.92 21370.68
   1510 36468.80 24962.11 47975.49
   1520 13020.20 1529.22  24511.18
   1530 15661.80 10153.60 21170.00
   1540 16136.40 3825.52  28447.28
   1550 32922.40 25350.16 40494.64
   1560 15719.40 10176.16 21262.64
   1570 13481.80 -475.11  27438.71
   1580 33012.40 18805.95 47218.85
   1590 18627.00 18528.64 18725.36
   1600 11937.20 -2607.53 26481.93
   1610 34820.60 20202.74 49438.46
   1620 8782.00  3139.97  14424.03
   1630 21396.00 11026.30 31765.70
   1640 28885.60 12561.81 45209.39
   1650 13002.40 1592.09  24412.71
   1660 16271.20 11689.44 20852.96
   1670 32666.60 21751.61 43581.59
   1680 16008.60 5231.74  26785.46
   1690 15778.60 10190.40 21366.80
   1700 16388.40 3801.56  28975.24
   1710 32889.60 25397.78 40381.42
   1720 15760.20 10182.88 21337.52
   1730 13412.80 -530.63  27356.23
   1740 35864.20 27020.73 44707.67
   1750 12943.20 6060.02  19826.38
   1760 14707.20 391.76   29022.64
   1770 34706.40 20120.03 49292.77
   1780 8849.80  3082.70  14616.90
   1790 21431.00 10904.95 31957.05
   1800 28655.40 12589.64 44721.16
   1810 13159.20 1482.03  24836.37
   1820 23379.20 14327.51 32430.89
   1830 23901.80 8819.02  38984.58
   1840 17868.60 6101.65  29635.55
   1850 15651.60 10147.57 21155.63
   1860 16190.60 3814.41  28566.79
   1870 32729.40 25195.31 40263.49
   1880 15674.60 10162.03 21187.17
   1890 13518.40 -458.87  27495.67
   1900 35918.80 26972.31 44865.29
   1910 12827.20 6018.13  19636.27
   1920 14753.60 420.75   29086.45
   1930 34771.20 20155.19 49387.21
   1940 8814.40  3035.94  14592.86
   1950 21421.40 10842.15 32000.65
   1960 28592.60 12453.30 44731.90
   1970 13038.80 1527.37  24550.23
   1980 23370.80 14516.09 32225.51
   1990 22788.40 7298.89  38277.91
   2000 18890.00 6250.53  31529.47
   2010 23269.60 14254.54 32284.66
   2020 8663.20  4947.39  12379.01
   2030 32891.20 25329.60 40452.80
   2040 15740.40 10192.66 21288.14
   2050 13564.40 -569.43  27698.23
   2060 35578.40 26625.21 44531.59
   2070 13022.80 6063.98  19981.62
   2080 14717.60 395.30   29039.90
   2090 37731.80 28687.16 46776.44
WARNING! More run are needed to calculate a 0.950000 confidence interval of with 5 accuracy.
A total of 5 runs were executed but the ideal size is 16645307169209442.000000.
